2021-05-11 22:13 CARME Slurm ID: 28016
2021-05-11 22:13 gpu device = 0
2021-05-11 22:13 args = Namespace(arch='cell_div_half_mu_60_bn', auxiliary=True, auxiliary_weight=0.4, batch_size=256, cells=8, cells_search=8, data='/home/yangy/Dataset_ImageNet/', decay_period=1, drop_path_prob=0, epochs=250, gamma=0.97, gpu=0, grad_clip=5.0, init_channels=48, init_channels_search=16, label_smooth=0.1, learning_rate=0.1, model_to_resume=None, momentum=0.9, parallel=True, pruning_threshold=1e-05, report_freq=1000, save='scaling-cell-imagenet/scaling-cell-imagenet-arch_cell_div_half_mu_60_bn_lr_0.1_momentum_0.9_wd_3e-05_cells_8_20210511-221315', scale_type='cell', seed=9135, swap_stage=False, weight_decay=3e-05)
2021-05-11 22:13 Model to discretize is in: search-for-cell/search-for-cell-lr_0.001_momentum_0.8_mu_60.0_div_0.5_time_20210424-235437/model_final

2021-05-11 22:13 alpha_network:
 [(False, array([[0, 0, 0, 1, 1, 0, 0],
       [0, 0, 0, 1, 1, 0, 0],
       [0, 0, 0, 0, 1, 0, 0],
       [0, 0, 0, 0, 1, 0, 0],
       [0, 0, 0, 0, 1, 0, 0],
       [0, 0, 0, 0, 1, 0, 0],
       [0, 0, 0, 0, 1, 0, 0],
       [0, 0, 0, 0, 1, 0, 0],
       [0, 0, 0, 0, 0, 0, 0],
       [0, 0, 0, 0, 1, 0, 0],
       [0, 0, 0, 0, 1, 0, 0],
       [0, 0, 0, 0, 1, 0, 0],
       [0, 0, 0, 0, 0, 0, 0],
       [0, 0, 0, 0, 0, 0, 0]])), (False, array([[0, 0, 0, 1, 1, 0, 0],
       [0, 0, 0, 1, 1, 0, 0],
       [0, 0, 0, 0, 1, 0, 0],
       [0, 0, 0, 0, 1, 0, 0],
       [0, 0, 0, 0, 1, 0, 0],
       [0, 0, 0, 0, 1, 0, 0],
       [0, 0, 0, 0, 1, 0, 0],
       [0, 0, 0, 0, 1, 0, 0],
       [0, 0, 0, 0, 0, 0, 0],
       [0, 0, 0, 0, 1, 0, 0],
       [0, 0, 0, 0, 1, 0, 0],
       [0, 0, 0, 0, 1, 0, 0],
       [0, 0, 0, 0, 0, 0, 0],
       [0, 0, 0, 0, 0, 0, 0]])), (True, array([[0, 0, 0, 0, 1, 0, 0],
       [0, 0, 0, 0, 1, 0, 0],
       [0, 0, 0, 0, 1, 0, 0],
       [0, 0, 0, 0, 1, 0, 0],
       [0, 0, 0, 0, 0, 0, 0],
       [0, 0, 0, 0, 0, 0, 0],
       [0, 0, 0, 0, 0, 0, 0],
       [0, 0, 0, 0, 0, 0, 0],
       [0, 0, 0, 0, 0, 0, 0],
       [0, 0, 0, 0, 0, 0, 0],
       [0, 0, 0, 0, 0, 0, 0],
       [0, 0, 0, 0, 0, 0, 0],
       [0, 0, 0, 0, 0, 0, 0],
       [0, 0, 0, 0, 0, 0, 0]])), (False, array([[0, 0, 0, 1, 1, 0, 0],
       [0, 0, 0, 1, 1, 0, 0],
       [0, 0, 0, 0, 1, 0, 0],
       [0, 0, 0, 0, 1, 0, 0],
       [0, 0, 0, 0, 1, 0, 0],
       [0, 0, 0, 0, 1, 0, 0],
       [0, 0, 0, 0, 1, 0, 0],
       [0, 0, 0, 0, 1, 0, 0],
       [0, 0, 0, 0, 0, 0, 0],
       [0, 0, 0, 0, 1, 0, 0],
       [0, 0, 0, 0, 1, 0, 0],
       [0, 0, 0, 0, 1, 0, 0],
       [0, 0, 0, 0, 0, 0, 0],
       [0, 0, 0, 0, 0, 0, 0]])), (False, array([[0, 0, 0, 1, 1, 0, 0],
       [0, 0, 0, 1, 1, 0, 0],
       [0, 0, 0, 0, 1, 0, 0],
       [0, 0, 0, 0, 1, 0, 0],
       [0, 0, 0, 0, 1, 0, 0],
       [0, 0, 0, 0, 1, 0, 0],
       [0, 0, 0, 0, 1, 0, 0],
       [0, 0, 0, 0, 1, 0, 0],
       [0, 0, 0, 0, 0, 0, 0],
       [0, 0, 0, 0, 1, 0, 0],
       [0, 0, 0, 0, 1, 0, 0],
       [0, 0, 0, 0, 1, 0, 0],
       [0, 0, 0, 0, 0, 0, 0],
       [0, 0, 0, 0, 0, 0, 0]])), (True, array([[0, 0, 0, 0, 1, 0, 0],
       [0, 0, 0, 0, 1, 0, 0],
       [0, 0, 0, 0, 1, 0, 0],
       [0, 0, 0, 0, 1, 0, 0],
       [0, 0, 0, 0, 0, 0, 0],
       [0, 0, 0, 0, 0, 0, 0],
       [0, 0, 0, 0, 0, 0, 0],
       [0, 0, 0, 0, 0, 0, 0],
       [0, 0, 0, 0, 0, 0, 0],
       [0, 0, 0, 0, 0, 0, 0],
       [0, 0, 0, 0, 0, 0, 0],
       [0, 0, 0, 0, 0, 0, 0],
       [0, 0, 0, 0, 0, 0, 0],
       [0, 0, 0, 0, 0, 0, 0]])), (False, array([[0, 0, 0, 1, 1, 0, 0],
       [0, 0, 0, 1, 1, 0, 0],
       [0, 0, 0, 0, 1, 0, 0],
       [0, 0, 0, 0, 1, 0, 0],
       [0, 0, 0, 0, 1, 0, 0],
       [0, 0, 0, 0, 1, 0, 0],
       [0, 0, 0, 0, 1, 0, 0],
       [0, 0, 0, 0, 1, 0, 0],
       [0, 0, 0, 0, 0, 0, 0],
       [0, 0, 0, 0, 1, 0, 0],
       [0, 0, 0, 0, 1, 0, 0],
       [0, 0, 0, 0, 1, 0, 0],
       [0, 0, 0, 0, 0, 0, 0],
       [0, 0, 0, 0, 0, 0, 0]])), (False, array([[0, 0, 0, 1, 1, 0, 0],
       [0, 0, 0, 1, 1, 0, 0],
       [0, 0, 0, 0, 1, 0, 0],
       [0, 0, 0, 0, 1, 0, 0],
       [0, 0, 0, 0, 1, 0, 0],
       [0, 0, 0, 0, 1, 0, 0],
       [0, 0, 0, 0, 1, 0, 0],
       [0, 0, 0, 0, 1, 0, 0],
       [0, 0, 0, 0, 0, 0, 0],
       [0, 0, 0, 0, 1, 0, 0],
       [0, 0, 0, 0, 1, 0, 0],
       [0, 0, 0, 0, 1, 0, 0],
       [0, 0, 0, 0, 0, 0, 0],
       [0, 0, 0, 0, 0, 0, 0]]))]
2021-05-11 22:13 genotype_network:
 [[('sep_conv_3x3', 0), ('sep_conv_5x5', 0), ('sep_conv_3x3', 1), ('sep_conv_5x5', 1), ('sep_conv_5x5', 0), ('sep_conv_5x5', 1), ('sep_conv_5x5', 2), ('sep_conv_5x5', 0), ('sep_conv_5x5', 1), ('sep_conv_5x5', 2), ('sep_conv_5x5', 0), ('sep_conv_5x5', 1), ('sep_conv_5x5', 2)], [('sep_conv_3x3', 0), ('sep_conv_5x5', 0), ('sep_conv_3x3', 1), ('sep_conv_5x5', 1), ('sep_conv_5x5', 0), ('sep_conv_5x5', 1), ('sep_conv_5x5', 2), ('sep_conv_5x5', 0), ('sep_conv_5x5', 1), ('sep_conv_5x5', 2), ('sep_conv_5x5', 0), ('sep_conv_5x5', 1), ('sep_conv_5x5', 2)], [('sep_conv_5x5', 0), ('sep_conv_5x5', 1), ('sep_conv_5x5', 0), ('sep_conv_5x5', 1)], [('sep_conv_3x3', 0), ('sep_conv_5x5', 0), ('sep_conv_3x3', 1), ('sep_conv_5x5', 1), ('sep_conv_5x5', 0), ('sep_conv_5x5', 1), ('sep_conv_5x5', 2), ('sep_conv_5x5', 0), ('sep_conv_5x5', 1), ('sep_conv_5x5', 2), ('sep_conv_5x5', 0), ('sep_conv_5x5', 1), ('sep_conv_5x5', 2)], [('sep_conv_3x3', 0), ('sep_conv_5x5', 0), ('sep_conv_3x3', 1), ('sep_conv_5x5', 1), ('sep_conv_5x5', 0), ('sep_conv_5x5', 1), ('sep_conv_5x5', 2), ('sep_conv_5x5', 0), ('sep_conv_5x5', 1), ('sep_conv_5x5', 2), ('sep_conv_5x5', 0), ('sep_conv_5x5', 1), ('sep_conv_5x5', 2)], [('sep_conv_5x5', 0), ('sep_conv_5x5', 1), ('sep_conv_5x5', 0), ('sep_conv_5x5', 1)], [('sep_conv_3x3', 0), ('sep_conv_5x5', 0), ('sep_conv_3x3', 1), ('sep_conv_5x5', 1), ('sep_conv_5x5', 0), ('sep_conv_5x5', 1), ('sep_conv_5x5', 2), ('sep_conv_5x5', 0), ('sep_conv_5x5', 1), ('sep_conv_5x5', 2), ('sep_conv_5x5', 0), ('sep_conv_5x5', 1), ('sep_conv_5x5', 2)], [('sep_conv_3x3', 0), ('sep_conv_5x5', 0), ('sep_conv_3x3', 1), ('sep_conv_5x5', 1), ('sep_conv_5x5', 0), ('sep_conv_5x5', 1), ('sep_conv_5x5', 2), ('sep_conv_5x5', 0), ('sep_conv_5x5', 1), ('sep_conv_5x5', 2), ('sep_conv_5x5', 0), ('sep_conv_5x5', 1), ('sep_conv_5x5', 2)]]
2021-05-11 22:13 param size = 4.841632MB
2021-05-11 22:15 train 000 9.765977e+00 0.000000 0.000000
2021-05-11 23:22 train 1000 9.263341e+00 1.017342 3.840300
2021-05-12 00:22 train 2000 8.815294e+00 2.616661 8.369839
2021-05-12 01:23 train 3000 8.463077e+00 4.502926 12.804586
2021-05-12 02:35 train 4000 8.172028e+00 6.470551 16.885916
2021-05-12 03:44 train 5000 7.929543e+00 8.333802 20.452862
2021-05-12 03:44 valid 000 3.292916e+00 29.296875 64.453125
2021-05-12 03:50 (JOBID 28016) epoch 1 lr 1.000000e-01: train_top1 8.339740, valid_top1 20.515999 (best_top1 20.515999), valid_top5 42.992001
2021-05-12 03:50 train 000 6.765461e+00 19.921875 39.843750
2021-05-12 04:39 train 1000 6.655069e+00 19.064919 39.800434
2021-05-12 05:28 train 2000 6.554252e+00 20.273458 41.355885
2021-05-12 06:17 train 3000 6.462942e+00 21.419424 42.880630
2021-05-12 07:03 CARME Slurm ID: 28016
2021-05-12 07:03 gpu device = 0
2021-05-12 07:03 args = Namespace(arch='cell_div_half_mu_60_bn', auxiliary=True, auxiliary_weight=0.4, batch_size=256, cells=8, cells_search=8, data='/home/yangy/Dataset_ImageNet/', decay_period=1, drop_path_prob=0, epochs=250, gamma=0.97, gpu=0, grad_clip=5.0, init_channels=48, init_channels_search=16, label_smooth=0.1, learning_rate=0.1, model_to_resume='scaling-cell-imagenet/scaling-cell-imagenet-arch_cell_div_half_mu_60_bn_lr_0.1_momentum_0.9_wd_3e-05_cells_8_20210511-221315', momentum=0.9, parallel=True, pruning_threshold=1e-05, report_freq=1000, save='scaling-cell-imagenet/scaling-cell-imagenet-arch_cell_div_half_mu_60_bn_lr_0.1_momentum_0.9_wd_3e-05_cells_8_20210511-221315', scale_type='cell', seed=9135, swap_stage=False, weight_decay=3e-05)
2021-05-12 07:04 Model to discretize is in: search-for-cell/search-for-cell-lr_0.001_momentum_0.8_mu_60.0_div_0.5_time_20210424-235437/model_final

2021-05-12 07:04 alpha_network:
 [(False, array([[0, 0, 0, 1, 1, 0, 0],
       [0, 0, 0, 1, 1, 0, 0],
       [0, 0, 0, 0, 1, 0, 0],
       [0, 0, 0, 0, 1, 0, 0],
       [0, 0, 0, 0, 1, 0, 0],
       [0, 0, 0, 0, 1, 0, 0],
       [0, 0, 0, 0, 1, 0, 0],
       [0, 0, 0, 0, 1, 0, 0],
       [0, 0, 0, 0, 0, 0, 0],
       [0, 0, 0, 0, 1, 0, 0],
       [0, 0, 0, 0, 1, 0, 0],
       [0, 0, 0, 0, 1, 0, 0],
       [0, 0, 0, 0, 0, 0, 0],
       [0, 0, 0, 0, 0, 0, 0]])), (False, array([[0, 0, 0, 1, 1, 0, 0],
       [0, 0, 0, 1, 1, 0, 0],
       [0, 0, 0, 0, 1, 0, 0],
       [0, 0, 0, 0, 1, 0, 0],
       [0, 0, 0, 0, 1, 0, 0],
       [0, 0, 0, 0, 1, 0, 0],
       [0, 0, 0, 0, 1, 0, 0],
       [0, 0, 0, 0, 1, 0, 0],
       [0, 0, 0, 0, 0, 0, 0],
       [0, 0, 0, 0, 1, 0, 0],
       [0, 0, 0, 0, 1, 0, 0],
       [0, 0, 0, 0, 1, 0, 0],
       [0, 0, 0, 0, 0, 0, 0],
       [0, 0, 0, 0, 0, 0, 0]])), (True, array([[0, 0, 0, 0, 1, 0, 0],
       [0, 0, 0, 0, 1, 0, 0],
       [0, 0, 0, 0, 1, 0, 0],
       [0, 0, 0, 0, 1, 0, 0],
       [0, 0, 0, 0, 0, 0, 0],
       [0, 0, 0, 0, 0, 0, 0],
       [0, 0, 0, 0, 0, 0, 0],
       [0, 0, 0, 0, 0, 0, 0],
       [0, 0, 0, 0, 0, 0, 0],
       [0, 0, 0, 0, 0, 0, 0],
       [0, 0, 0, 0, 0, 0, 0],
       [0, 0, 0, 0, 0, 0, 0],
       [0, 0, 0, 0, 0, 0, 0],
       [0, 0, 0, 0, 0, 0, 0]])), (False, array([[0, 0, 0, 1, 1, 0, 0],
       [0, 0, 0, 1, 1, 0, 0],
       [0, 0, 0, 0, 1, 0, 0],
       [0, 0, 0, 0, 1, 0, 0],
       [0, 0, 0, 0, 1, 0, 0],
       [0, 0, 0, 0, 1, 0, 0],
       [0, 0, 0, 0, 1, 0, 0],
       [0, 0, 0, 0, 1, 0, 0],
       [0, 0, 0, 0, 0, 0, 0],
       [0, 0, 0, 0, 1, 0, 0],
       [0, 0, 0, 0, 1, 0, 0],
       [0, 0, 0, 0, 1, 0, 0],
       [0, 0, 0, 0, 0, 0, 0],
       [0, 0, 0, 0, 0, 0, 0]])), (False, array([[0, 0, 0, 1, 1, 0, 0],
       [0, 0, 0, 1, 1, 0, 0],
       [0, 0, 0, 0, 1, 0, 0],
       [0, 0, 0, 0, 1, 0, 0],
       [0, 0, 0, 0, 1, 0, 0],
       [0, 0, 0, 0, 1, 0, 0],
       [0, 0, 0, 0, 1, 0, 0],
       [0, 0, 0, 0, 1, 0, 0],
       [0, 0, 0, 0, 0, 0, 0],
       [0, 0, 0, 0, 1, 0, 0],
       [0, 0, 0, 0, 1, 0, 0],
       [0, 0, 0, 0, 1, 0, 0],
       [0, 0, 0, 0, 0, 0, 0],
       [0, 0, 0, 0, 0, 0, 0]])), (True, array([[0, 0, 0, 0, 1, 0, 0],
       [0, 0, 0, 0, 1, 0, 0],
       [0, 0, 0, 0, 1, 0, 0],
       [0, 0, 0, 0, 1, 0, 0],
       [0, 0, 0, 0, 0, 0, 0],
       [0, 0, 0, 0, 0, 0, 0],
       [0, 0, 0, 0, 0, 0, 0],
       [0, 0, 0, 0, 0, 0, 0],
       [0, 0, 0, 0, 0, 0, 0],
       [0, 0, 0, 0, 0, 0, 0],
       [0, 0, 0, 0, 0, 0, 0],
       [0, 0, 0, 0, 0, 0, 0],
       [0, 0, 0, 0, 0, 0, 0],
       [0, 0, 0, 0, 0, 0, 0]])), (False, array([[0, 0, 0, 1, 1, 0, 0],
       [0, 0, 0, 1, 1, 0, 0],
       [0, 0, 0, 0, 1, 0, 0],
       [0, 0, 0, 0, 1, 0, 0],
       [0, 0, 0, 0, 1, 0, 0],
       [0, 0, 0, 0, 1, 0, 0],
       [0, 0, 0, 0, 1, 0, 0],
       [0, 0, 0, 0, 1, 0, 0],
       [0, 0, 0, 0, 0, 0, 0],
       [0, 0, 0, 0, 1, 0, 0],
       [0, 0, 0, 0, 1, 0, 0],
       [0, 0, 0, 0, 1, 0, 0],
       [0, 0, 0, 0, 0, 0, 0],
       [0, 0, 0, 0, 0, 0, 0]])), (False, array([[0, 0, 0, 1, 1, 0, 0],
       [0, 0, 0, 1, 1, 0, 0],
       [0, 0, 0, 0, 1, 0, 0],
       [0, 0, 0, 0, 1, 0, 0],
       [0, 0, 0, 0, 1, 0, 0],
       [0, 0, 0, 0, 1, 0, 0],
       [0, 0, 0, 0, 1, 0, 0],
       [0, 0, 0, 0, 1, 0, 0],
       [0, 0, 0, 0, 0, 0, 0],
       [0, 0, 0, 0, 1, 0, 0],
       [0, 0, 0, 0, 1, 0, 0],
       [0, 0, 0, 0, 1, 0, 0],
       [0, 0, 0, 0, 0, 0, 0],
       [0, 0, 0, 0, 0, 0, 0]]))]
2021-05-12 07:04 genotype_network:
 [[('sep_conv_3x3', 0), ('sep_conv_5x5', 0), ('sep_conv_3x3', 1), ('sep_conv_5x5', 1), ('sep_conv_5x5', 0), ('sep_conv_5x5', 1), ('sep_conv_5x5', 2), ('sep_conv_5x5', 0), ('sep_conv_5x5', 1), ('sep_conv_5x5', 2), ('sep_conv_5x5', 0), ('sep_conv_5x5', 1), ('sep_conv_5x5', 2)], [('sep_conv_3x3', 0), ('sep_conv_5x5', 0), ('sep_conv_3x3', 1), ('sep_conv_5x5', 1), ('sep_conv_5x5', 0), ('sep_conv_5x5', 1), ('sep_conv_5x5', 2), ('sep_conv_5x5', 0), ('sep_conv_5x5', 1), ('sep_conv_5x5', 2), ('sep_conv_5x5', 0), ('sep_conv_5x5', 1), ('sep_conv_5x5', 2)], [('sep_conv_5x5', 0), ('sep_conv_5x5', 1), ('sep_conv_5x5', 0), ('sep_conv_5x5', 1)], [('sep_conv_3x3', 0), ('sep_conv_5x5', 0), ('sep_conv_3x3', 1), ('sep_conv_5x5', 1), ('sep_conv_5x5', 0), ('sep_conv_5x5', 1), ('sep_conv_5x5', 2), ('sep_conv_5x5', 0), ('sep_conv_5x5', 1), ('sep_conv_5x5', 2), ('sep_conv_5x5', 0), ('sep_conv_5x5', 1), ('sep_conv_5x5', 2)], [('sep_conv_3x3', 0), ('sep_conv_5x5', 0), ('sep_conv_3x3', 1), ('sep_conv_5x5', 1), ('sep_conv_5x5', 0), ('sep_conv_5x5', 1), ('sep_conv_5x5', 2), ('sep_conv_5x5', 0), ('sep_conv_5x5', 1), ('sep_conv_5x5', 2), ('sep_conv_5x5', 0), ('sep_conv_5x5', 1), ('sep_conv_5x5', 2)], [('sep_conv_5x5', 0), ('sep_conv_5x5', 1), ('sep_conv_5x5', 0), ('sep_conv_5x5', 1)], [('sep_conv_3x3', 0), ('sep_conv_5x5', 0), ('sep_conv_3x3', 1), ('sep_conv_5x5', 1), ('sep_conv_5x5', 0), ('sep_conv_5x5', 1), ('sep_conv_5x5', 2), ('sep_conv_5x5', 0), ('sep_conv_5x5', 1), ('sep_conv_5x5', 2), ('sep_conv_5x5', 0), ('sep_conv_5x5', 1), ('sep_conv_5x5', 2)], [('sep_conv_3x3', 0), ('sep_conv_5x5', 0), ('sep_conv_3x3', 1), ('sep_conv_5x5', 1), ('sep_conv_5x5', 0), ('sep_conv_5x5', 1), ('sep_conv_5x5', 2), ('sep_conv_5x5', 0), ('sep_conv_5x5', 1), ('sep_conv_5x5', 2), ('sep_conv_5x5', 0), ('sep_conv_5x5', 1), ('sep_conv_5x5', 2)]]
2021-05-12 07:04 param size = 4.841632MB
2021-05-12 07:05 train 000 6.774894e+00 17.578125 33.984375
2021-05-12 07:41 train 1000 6.675555e+00 18.948629 39.451565
2021-05-12 08:23 train 2000 6.564241e+00 20.166479 41.250664
2021-05-12 09:11 train 3000 6.465428e+00 21.366446 42.858891
2021-05-12 09:56 train 4000 6.375048e+00 22.458157 44.258274
2021-05-12 10:44 train 5000 6.293763e+00 23.462494 45.544563
2021-05-12 10:45 valid 000 2.565684e+00 43.750000 74.609375
2021-05-12 10:49 (JOBID 28016) epoch 2 lr 9.409000e-02: train_top1 23.464779, valid_top1 33.042000 (best_top1 33.042000), valid_top5 58.599998
2021-05-12 10:50 train 000 5.939369e+00 27.734375 48.437500
2021-05-12 11:35 train 1000 5.844792e+00 29.089270 52.739445
2021-05-12 12:13 train 2000 5.800609e+00 29.675007 53.450424
2021-05-12 12:57 train 3000 5.757179e+00 30.307608 54.128704
2021-05-12 13:45 train 4000 5.716377e+00 30.864649 54.742565
2021-05-12 14:40 train 5000 5.677231e+00 31.361149 55.350479
2021-05-12 14:40 valid 000 2.124696e+00 52.343750 80.078125
2021-05-12 14:46 (JOBID 28016) epoch 3 lr 9.126730e-02: train_top1 31.361876, valid_top1 38.554001 (best_top1 38.554001), valid_top5 64.463997
2021-05-12 14:46 train 000 5.693966e+00 30.468750 53.906250
2021-05-12 15:34 train 1000 5.400857e+00 35.040741 59.620457
2021-05-12 16:22 train 2000 5.383350e+00 35.326477 59.848396
2021-05-12 17:12 train 3000 5.362523e+00 35.665066 60.143105
2021-05-12 18:04 train 4000 5.337149e+00 36.028008 60.496403
2021-05-12 18:49 train 5000 5.312827e+00 36.408421 60.861141
2021-05-12 18:49 valid 000 1.743532e+00 59.375000 88.281250
2021-05-12 18:55 (JOBID 28016) epoch 4 lr 8.852928e-02: train_top1 36.409225, valid_top1 43.639999 (best_top1 43.639999), valid_top5 69.467995
2021-05-12 18:55 train 000 4.995343e+00 41.406250 64.843750
2021-05-12 19:38 train 1000 5.125679e+00 39.267761 63.635582
2021-05-12 20:24 train 2000 5.118942e+00 39.323700 63.743324
2021-05-12 21:09 train 3000 5.107255e+00 39.491653 63.902920
2021-05-12 21:54 train 4000 5.092482e+00 39.678753 64.120789
